Application	Display Factory Calibration Tool 2.26.10
Date	2030-02-02 08:11:22
DisplayManufacturerId	SDC
DisplayProductCode	420B
DisplaySerialNumber	
ComputerSerialNumber	INVALID
ComputerName	INVALID
Type	 Quality report
Initial Path Set	11
Iterative Grid Points	4

ProfileName	AdobeRGB
Whitepoint	D65
Gamma	2.2
Target Luminosity	161.834
Internal LUTs	false
Contrast Ratio	287.9
MHC2 Profile	true

RGB Normalized Target
0 0.00353417 0
33 0.0143098 0.0111261
52 0.0335055 0.0302565
54 0.0359845 0.0328759
72 0.0651451 0.0619075
84 0.0910662 0.0869013
94 0.114099 0.111299
118 0.185899 0.183549
120 0.195233 0.190463
143 0.281332 0.280124
158 0.351239 0.348865
170 0.411423 0.409826
197 0.568656 0.56681
200 0.587744 0.585973
225 0.758029 0.7593
255 1 1

### Quality section (deltaE) ###
dE2000 mean = 0.521855
dE2000 max  = 1.85657 at RGB = (0 0 0)

R	G	B	dE2000
107	82	69	0.530791
193	120	54	0.224767
55	62	148	0.460688
245	243	237	0.246498
183	149	131	0.570638
79	93	163	0.309977
101	147	74	0.505804
200	200	199	0.0899508
103	122	154	0.370512
171	87	100	0.772719
148	49	59	0.788015
158	159	159	0.551312
97	108	69	0.596409
83	61	104	0.4169
223	194	55	0.213275
120	121	121	0.350182
129	127	172	0.193145
166	184	74	0.210105
163	84	146	0.609768
84	85	85	0.427056
131	187	166	0.430659
209	157	59	0.40856
62	133	160	0.620701
54	54	55	0.853846
0	0	0	1.85657
33	33	33	1.4345
52	52	52	0.864976
72	72	72	0.61105
94	94	94	0.518863
118	118	118	0.281496
143	143	143	0.499481
170	170	170	0.410039
197	197	197	0.159058
225	225	225	0.35476
255	255	255	0
--------------------
255	0	0	3.44565
0	255	0	3.19956
0	0	255	1.44071

  R    G    B      X         Y         Z         Y         x         y              
  107   82   69   17.9298    16.096   10.7192    16.096  0.400711  0.359727         
  193  120   54   55.3555   44.1817   9.27416   44.1817  0.508729  0.406039         
   55   62  148   13.6642   9.90791   48.2703   9.90791  0.190197  0.137912         
  245  243  237   134.561   141.666   146.831   141.666  0.318068  0.334862         
  183  149  131   59.5763   55.3983   41.6182   55.3983  0.380454  0.353773         
   79   93  163    21.398   19.0367   60.2408   19.0367  0.212544   0.18909         
  101  147   74   23.1425   37.0014   14.7491   37.0014  0.309008  0.494057         
  200  200  199   87.7727   92.5178   99.7647   92.5178  0.313412  0.330356         
  103  122  154   28.3193   30.2541   54.6093   30.2541  0.250209  0.267303         
  171   87  100   43.8039   29.6664   22.7475   29.6664  0.455258  0.308326         
  148   49   59   28.9576   16.8004   7.83634   16.8004  0.540311  0.313474         
  158  159  159   52.4388   55.2891   60.6994   55.2891  0.311344  0.328267         
   97  108   69   17.4247   21.8184   11.4976   21.8184  0.343406  0.429999         
   83   61  104   13.3863   10.1491   23.1736   10.1491   0.28659  0.217284         
  223  194   55    84.224   89.1773   14.2226   89.1773  0.448898  0.475298         
  120  121  121   29.0535   30.7319   33.7932   30.7319  0.310472  0.328407         
  129  127  172   39.2512   37.0391   69.2388   37.0391  0.269714  0.254513         
  166  184   74   51.8039   67.6753   17.5203   67.6753  0.378132  0.493982         
  163   84  146   44.6335    28.942   48.1791    28.942  0.366586  0.237708         
   84   85   85   13.4832   14.3349   15.7312   14.3349  0.309607  0.329165         
  131  187  166   47.9882   66.3709   67.8013   66.3709  0.263439  0.364354         
  209  157   59   69.1689   63.8457   12.3796   63.8457  0.475734  0.439121         
   62  133  160    22.246    30.675   59.3794    30.675  0.198094  0.273151         
   54   54   55    5.4285   5.66438   6.41637   5.66438  0.310036  0.323508         
    0    0    0  0.525776   0.55632  0.598762   0.55632  0.312802  0.330974         
   33   33   33   2.14807   2.25253   2.48694   2.25253  0.311878  0.327044         
   52   52   52   5.00359   5.27416   5.74358   5.27416  0.312308  0.329196         
   72   72   72   9.73127   10.2546   11.1565   10.2546  0.312477  0.329282         
   94   94   94    17.101   17.9606   19.6194   17.9606  0.312741  0.328461         
  118  118  118   27.7957   29.2627   31.9031   29.2627  0.312446  0.328937         
  143  143  143   42.1756   44.2849   48.4617   44.2849  0.312592  0.328225         
  170  170  170   61.6472   64.7628   70.5872   64.7628  0.312935   0.32875         
  197  197  197    85.074   89.5131   97.5472   89.5131  0.312618   0.32893         
  225  225  225     113.5   119.323   130.181   119.323  0.312668  0.328709         
  255  255  255   149.532   157.412   171.226   157.412  0.312718  0.329197         
  255    0    0   84.0462    41.881   2.02972    41.881  0.656832  0.327305         
    0  255    0   37.2638   104.435   11.8096   104.435  0.242747  0.680321         
    0    0  255   28.8659   10.8021    156.46   10.8021  0.147179  0.055077         
