Application	Display Factory Calibration Tool 2.26.10
Date	2030-02-02 08:12:29
DisplayManufacturerId	SDC
DisplayProductCode	420B
DisplaySerialNumber	
ComputerSerialNumber	INVALID
ComputerName	INVALID
Type	 Quality report
Initial Path Set	11
Iterative Grid Points	4

ProfileName	Default
Whitepoint	D65
Gamma	2.2
Target Luminosity	161.834
Internal LUTs	false
Contrast Ratio	0
MHC2 Profile	false

RGB Normalized Target
0 0 0
17 0.00258127 0.00258583
34 0.0118139 0.0118813
51 0.0285001 0.0289912
68 0.0539144 0.0545923
85 0.0879079 0.0891935
102 0.132921 0.133209
119 0.186302 0.186989
136 0.250543 0.25084
153 0.322405 0.325037
170 0.406735 0.409826
187 0.501816 0.505432
204 0.608275 0.612066
221 0.726308 0.729919
238 0.851681 0.859174
255 1 1

### Quality section (deltaE) ###
dE2000 mean = 0.441164
dE2000 max  = 1.03757 at RGB = (68 68 68)

R	G	B	dE2000
0	0	0	0
17	17	17	0.473272
34	34	34	0.300114
51	51	51	0.551272
68	68	68	1.03757
85	85	85	0.727497
102	102	102	0.448955
119	119	119	0.25808
136	136	136	0.309522
153	153	153	0.381232
170	170	170	0.161163
187	187	187	0.205745
204	204	204	0.299175
221	221	221	0.745988
238	238	238	0.717877
255	255	255	0.597284

  R    G    B      X         Y         Z         Y         x         y              
    0    0    0         0         0         0         0       nan       nan         
   17   17   17  0.399898  0.408019  0.451191  0.408019  0.317605  0.324054         
   34   34   34   1.78174   1.86741   2.00557   1.86741  0.315089  0.330239         
   51   51   51   4.31161   4.50499   4.93317   4.50499  0.313577  0.327641         
   68   68   68   8.17541    8.5222   9.49221    8.5222   0.31216  0.325401         
   85   85   85   13.1264   13.8955   14.9844   13.8955  0.312487  0.330796         
  102  102  102   19.9305   21.0108   23.1228   21.0108  0.311103  0.327965         
  119  119  119   27.9412   29.4486   32.1289   29.4486  0.312127  0.328966         
  136  136  136   37.5717   39.6031   43.1896   39.6031  0.312149  0.329027         
  153  153  153   48.4375   50.9623   55.9339   50.9623  0.311829  0.328083         
  170  170  170   61.1071   64.2923   70.2029   64.2923  0.312405  0.328689         
  187  187  187   75.4608   79.3215   86.4392   79.3215  0.312828  0.328833         
  204  204  204   91.4567   96.1495   104.207   96.1495  0.313408   0.32949         
  221  221  221   108.768   114.807    124.41   114.807  0.312565  0.329919         
  238  238  238   128.259   134.624   147.552   134.624  0.312494  0.328004         
  255  255  255   149.926   158.069   171.267   158.069  0.312826  0.329818         
  255    0    0   82.0623   37.8129 0.0524003   37.8129  0.684265  0.315298         
    0  255    0   38.4443   110.855   6.44954   110.855  0.246836  0.711754         
    0    0  255    28.209   8.72155   164.642   8.72155  0.139945 0.0432677         
