Application	Display Factory Calibration Tool 2.26.10
Date	2030-02-02 08:12:06
DisplayManufacturerId	SDC
DisplayProductCode	420B
DisplaySerialNumber	
ComputerSerialNumber	INVALID
ComputerName	INVALID
Type	 Quality report
Initial Path Set	11
Iterative Grid Points	4

ProfileName	sRGB
Whitepoint	D65
Gamma	sRGB
Target Luminosity	161.834
Internal LUTs	false
Contrast Ratio	0
MHC2 Profile	true

RGB Normalized Target
0 0 0
27 0.0108271 0.00715504
48 0.0292684 0.0253713
51 0.0327026 0.0289912
71 0.0630293 0.0600316
83 0.0871721 0.0846415
94 0.111957 0.111299
119 0.18368 0.186989
121 0.192882 0.193972
145 0.282278 0.288816
160 0.348756 0.358654
171 0.406262 0.415148
198 0.564374 0.573159
201 0.583394 0.592438
226 0.759346 0.766744
255 1 1

### Quality section (deltaE) ###
dE2000 mean = 0.205417
dE2000 max  = 0.504209 at RGB = (160 160 160)

R	G	B	dE2000
115	81	67	0.288502
215	121	44	0.192539
48	60	152	0.142088
246	244	237	0.111836
195	151	131	0.498508
71	92	167	0.161586
71	148	67	0.0945926
201	201	200	0.113129
93	123	157	0.203527
195	86	100	0.343671
172	45	57	0.229121
160	160	160	0.504209
92	108	65	0.254947
89	59	106	0.251804
234	196	28	0.260923
121	122	121	0.212694
131	128	175	0.16718
159	185	62	0.165066
186	83	149	0.205544
83	84	84	0.212999
97	189	167	0.212365
226	158	46	0.248717
0	134	163	0.331764
51	51	52	0.231115
0	0	0	0
27	27	27	0.078886
48	48	48	0.137209
71	71	71	0.395504
94	94	94	0.165146
119	119	119	0.164367
145	145	145	0.16275
171	171	171	0.0870653
198	198	198	0.0617705
226	226	226	0.0930578
255	255	255	0
--------------------
255	0	0	0.534202
0	255	0	0.183293
0	0	255	0.553981

  R    G    B      X         Y         Z         Y         x         y              
  115   81   67   17.4375    15.676   10.4844    15.676  0.399961  0.359559         
  215  121   44   55.3266   44.4114    9.2588   44.4114  0.507599  0.407456         
   48   60  152   13.2802   9.58223   47.7321   9.58223   0.18812  0.135736         
  246  244  237   134.653   142.205   146.433   142.205   0.31811  0.335952         
  195  151  131   59.1837    55.394   41.3791    55.394  0.379488  0.355188         
   71   92  167   20.9681   18.4909   59.8123   18.4909  0.211221  0.186266         
   71  148   67   22.2667    35.998   14.0137    35.998  0.308068  0.498046         
  201  201  200   87.2006   91.9411    98.912   91.9411  0.313611   0.33066         
   93  123  157   27.7316   29.7594   54.2452   29.7594  0.248188  0.266337         
  195   86  100    44.123   30.0167   22.5489   30.0167  0.456341  0.310447         
  172   45   57   29.1424   17.0279   7.78299   17.0279  0.540141  0.315604         
  160  160  160   52.3432   54.9629   59.9952   54.9629  0.312868  0.328526         
   92  108   65   16.8879   21.1597   10.9946   21.1597  0.344355  0.431459         
   89   59  106   12.9857   9.85998   22.8254   9.85998  0.284331  0.215891         
  234  196   28   84.2726   89.5257   14.2779   89.5257  0.448077  0.476008         
  121  122  121   28.7355   30.3976   32.8002   30.3976  0.312568  0.330649         
  131  128  175   38.9157   36.7321   68.5909   36.7321  0.269801  0.254662         
  159  185   62   50.9409   66.6749    17.145   66.6749   0.37801  0.494765         
  186   83  149   45.0521   29.3868   47.8655   29.3868  0.368361  0.240276         
   83   84   84   12.9789   13.7381   15.0395   13.7381  0.310823  0.329004         
   97  189  167   47.2199   65.7311    67.425   65.7311  0.261786  0.364412         
  226  158   46   68.8037   63.6952   12.5494   63.6952   0.47435  0.439131         
    0  134  163   23.6967   31.0051   58.9718   31.0051  0.208463  0.272756         
   51   51   52   4.92284   5.15384   5.81749   5.15384  0.309726   0.32426         
    0    0    0         0         0         0         0       nan       nan         
   27   27   27   1.62366   1.70633   1.86003   1.70633  0.312843  0.328771         
   48   48   48   4.38065   4.61261   5.04201   4.61261  0.312117  0.328644         
   71   71   71   9.39994   9.93323   10.8436   9.93323  0.311496  0.329168         
   94   94   94   16.7398    17.644   19.2075    17.644   0.31236  0.329233         
  119  119  119   27.4836   28.9474    31.417   28.9474  0.312854  0.329517         
  145  145  145   42.2725   44.4862   48.5427   44.4862  0.312432  0.328794         
  171  171  171   60.8388   64.0258   69.5625   64.0258  0.312913  0.329305         
  198  198  198   84.4817   88.9437   96.7895   88.9437  0.312646  0.329159         
  226  226  226   113.661   119.671   130.011   119.671  0.312821   0.32936         
  255  255  255   149.719   157.597     171.4   157.597  0.312751  0.329208         
  255    0    0   64.0326   32.9389   2.77324   32.9389  0.641965  0.330232         
    0  255    0   55.8892   111.868   18.3798   111.868  0.300259  0.600997         
    0    0  255   27.9255    10.933   148.507    10.933  0.149043  0.058351         
