Application	Display Factory Calibration Tool 2.26.10
Date	2030-02-02 08:12:21
DisplayManufacturerId	SDC
DisplayProductCode	420B
DisplaySerialNumber	
ComputerSerialNumber	INVALID
ComputerName	INVALID
Type	 Quality report
Initial Path Set	11
Iterative Grid Points	4

ProfileName	REC709
Whitepoint	D65
Gamma	BT.1886
Target Luminosity	161.834
Internal LUTs	false
Contrast Ratio	0
MHC2 Profile	true

RGB Normalized Target
0 0 0
39 0.0108613 0.0110372
59 0.0296018 0.0298091
61 0.033197 0.032292
80 0.0617929 0.0619041
92 0.0876409 0.0865754
103 0.113364 0.113531
126 0.184088 0.184159
128 0.193021 0.191253
150 0.279322 0.279848
165 0.34893 0.351775
175 0.404836 0.40513
201 0.564831 0.564903
204 0.586889 0.58535
228 0.763834 0.764447
255 1 1

### Quality section (deltaE) ###
dE2000 mean = 0.306713
dE2000 max  = 1.29818 at RGB = (0 140 168)

R	G	B	dE2000
123	90	77	0.076476
217	128	55	0.647243
59	70	158	0.253319
247	244	238	0.175004
199	156	138	0.43285
81	101	171	0.239277
80	154	77	0.241359
204	204	203	0.116599
102	129	162	0.208722
198	95	108	0.489381
177	56	67	0.661337
165	165	165	0.617305
100	116	75	0.31326
98	69	114	0.361367
235	199	40	0.741154
128	129	128	0.205229
137	135	179	0.0937217
164	189	72	0.298744
190	92	155	0.34834
92	93	93	0.286158
105	192	171	0.254201
228	163	57	0.463973
0	140	168	1.29818
61	62	63	0.154801
0	0	0	0
39	39	39	0.0964525
59	59	59	0.145768
80	80	80	0.235976
103	103	103	0.221516
126	126	126	0.0820726
150	150	150	0.132595
175	175	175	0.0810576
201	201	201	0.181273
228	228	228	0.273518
255	255	255	0
--------------------
255	0	0	3.32572
0	255	0	1.04876
0	0	255	2.67413

  R    G    B      X         Y         Z         Y         x         y              
  123   90   77   17.4738    15.682   10.4707    15.682  0.400532  0.359461         
  217  128   55   55.0277   44.2149   8.78764   44.2149  0.509373  0.409283         
   59   70  158   13.2425   9.47274   48.0475   9.47274   0.18714  0.133866         
  247  244  238   134.959   142.108   146.923   142.108  0.318307  0.335168         
  199  156  138   59.3713   55.3241    41.671   55.3241  0.379693  0.353811         
   81  101  171   20.8723   18.5078   59.1483   18.5078  0.211841  0.187842         
   80  154   77   22.0668   35.9772    13.939   35.9772  0.306555  0.499801         
  204  204  203   87.6365   92.3805   99.6355   92.3805  0.313377   0.33034         
  102  129  162   27.5021   29.2908   53.9926   29.2908  0.248246  0.264392         
  198   95  108   43.8087   29.8085   22.3961   29.8085  0.456277  0.310462         
  177   56   67   28.9444   16.7971   7.63996   16.7971  0.542219  0.314661         
  165  165  165   52.3213    54.924   60.0888    54.924  0.312676   0.32823         
  100  116   75   16.8059     21.19    10.999     21.19  0.343014  0.432494         
   98   69  114   12.9689   9.77323    22.917   9.77323  0.284037  0.214048         
  235  199   40   83.9248   89.3156   13.0326   89.3156  0.450547  0.479488         
  128  129  128   28.7019   30.3828   32.7672   30.3828   0.31248  0.330781         
  137  135  179   38.9041   36.8262   68.6203   36.8262  0.269511  0.255117         
  164  189   72   50.8945   66.7931   16.6974   66.7931  0.378722  0.497028         
  190   92  155   45.0909    29.323   48.1909    29.323  0.367774  0.239167         
   92   93   93   13.0021   13.7953   15.1196   13.7953  0.310186  0.329111         
  105  192  171    46.682   65.1365   66.9944   65.1365  0.261066  0.364272         
  228  163   57   68.7913   63.5811   11.9778   63.5811  0.476558  0.440464         
    0  140  168    22.744    30.381   59.1792    30.381  0.202521  0.270524         
   61   62   63   4.94372   5.22544   5.93925   5.22544  0.306903  0.324392         
    0    0    0         0         0         0         0       nan       nan         
   39   39   39   1.62534   1.70964   1.86292   1.70964  0.312691   0.32891         
   59   59   59   4.42142   4.65953   5.08847   4.65953   0.31204  0.328844         
   80   80   80    9.2477   9.72664   10.6632   9.72664  0.312027  0.328186         
  103  103  103   16.9507   17.8443   19.5328   17.8443  0.312008  0.328456         
  126  126  126   27.5291   28.9768   31.5715   28.9768  0.312556  0.328992         
  150  150  150   41.7834   43.9673   47.9153   43.9673  0.312596  0.328934         
  175  175  175   60.5334   63.7241   69.4007   63.7241  0.312578  0.329054         
  201  201  201   84.4519   88.9083   96.9799   88.9083  0.312391  0.328876         
  228  228  228   114.284   120.233   131.195   120.233  0.312497  0.328764         
  255  255  255   149.514   157.407   171.151   157.407  0.312744  0.329253         
  255    0    0   62.4011   30.9799   1.33005   30.9799  0.658857  0.327099         
    0  255    0   53.1627    110.37   15.4512    110.37  0.297024  0.616649         
    0    0  255   26.6258   9.41708   147.913   9.41708   0.14474  0.051192         
