Application	Display Factory Calibration Tool 2.26.10
Date	2030-02-02 08:11:07
DisplayManufacturerId	SDC
DisplayProductCode	420B
DisplaySerialNumber	
ComputerSerialNumber	INVALID
ComputerName	INVALID
Type	 Quality report
Initial Path Set	11
Iterative Grid Points	4

ProfileName	Native
Whitepoint	D65
Gamma	Native
Target Luminosity	161.834
Internal LUTs	false
Contrast Ratio	0
MHC2 Profile	false

RGB Normalized Target
0 0 0
25 0.00703867 0.00604059
46 0.0242912 0.0231036
49 0.0276046 0.0265487
68 0.055995 0.0545923
81 0.0831566 0.0802193
92 0.108324 0.106156
117 0.1822 0.180144
119 0.190924 0.186989
143 0.281624 0.280124
158 0.350404 0.348865
170 0.411783 0.409826
197 0.567718 0.56681
200 0.585502 0.585973
226 0.768999 0.766744
255 1 1

### Quality section (deltaE) ###
dE2000 mean = 0.822662
dE2000 max  = 2.66403 at RGB = (25 25 25)

R	G	B	dE2000
106	80	67	1.13684
195	124	60	1.09636
54	61	145	1.59286
245	243	238	0.125948
184	151	132	0.0587705
78	92	160	0.878819
93	143	75	0.575542
200	200	200	0.392151
101	120	152	0.615492
175	92	99	0.588866
151	56	58	1.14539
158	158	159	0.614975
93	104	68	0.81357
82	60	101	1.75325
223	194	70	0.619831
119	120	119	0.651195
130	128	170	0.48511
162	181	80	0.481654
167	90	144	0.685937
81	82	82	1.12342
125	184	166	0.363222
210	159	69	0.818697
53	130	158	0.588486
49	49	49	1.87132
0	0	0	0
25	25	25	2.66403
46	46	46	1.92657
68	68	68	1.30054
92	92	92	0.862486
117	117	117	0.570356
143	143	143	0.572875
170	170	170	0.50907
197	197	197	0.347832
226	226	226	0.139034
255	255	255	0
--------------------
255	0	0	0.678739
0	255	0	0.116719
0	0	255	0.182395

  R    G    B      X         Y         Z         Y         x         y              
  106   80   67   17.4306    15.348   9.64156    15.348  0.410903  0.361809         
  195  124   60   57.2553   45.9122   8.37847   45.9122  0.513289  0.411599         
   54   61  145   12.9027   8.82788   48.7428   8.82788  0.183086  0.125265         
  245  243  238   139.329   146.525   148.036   146.525  0.321116    0.3377         
  184  151  132   61.5857   57.6946    41.629   57.6946  0.382736  0.358554         
   78   92  160   21.0186   18.4204   60.8137   18.4204  0.209656   0.18374         
   93  143   75   22.6631   37.0345   13.3929   37.0345  0.310069  0.506694         
  200  200  200   90.5194   95.0421    100.97   95.0421  0.315915  0.331699         
  101  120  152   28.2341   29.9356   55.0144   29.9356  0.249453  0.264486         
  175   92   99   45.6557   30.7208   21.9129   30.7208  0.464503  0.312554         
  151   56   58   29.9971   17.0552   6.86804   17.0552  0.556322  0.316304         
  158  158  159   54.2799   56.8796   61.6179   56.8796  0.314161  0.329207         
   93  104   68   16.7762   20.9759    10.318   20.9759  0.348994  0.436361         
   82   60  101   12.7092   9.28788   22.5607   9.28788  0.285229  0.208446         
  223  194   70    87.709   92.4761   13.2698   92.4761  0.453382  0.478024         
  119  120  119   29.2868   30.9919   32.8115   30.9919  0.314607  0.332924         
  130  128  170   40.3128    37.942   70.0452    37.942  0.271833  0.255846         
  162  181   80     52.86   69.0169   16.2528   69.0169  0.382684  0.499653         
  167   90  144   46.5212   29.9412   48.4702   29.9412   0.37237  0.239659         
   81   82   82   12.7635   13.4985   14.6293   13.4985  0.312133  0.330106         
  125  184  166   48.6614   67.4994   68.3051   67.4994  0.263796  0.365918         
  210  159   69   71.9589   66.7267   11.7834   66.7267  0.478231  0.443458         
   53  130  158   21.8018   30.4572   59.9326   30.4572  0.194327  0.271475         
   49   49   49   4.28641   4.48093   4.92276   4.48093  0.313103  0.327312         
    0    0    0         0         0         0         0       nan       nan         
   25   25   25   1.10942   1.14256   1.35496   1.14256  0.307579  0.316767         
   46   46   46   3.77262   3.94309   4.35574   3.94309  0.312524  0.326646         
   68   68   68   8.65956   9.08943   9.81013   9.08943  0.314217  0.329816         
   92   92   92   16.7519   17.5837    18.894   17.5837   0.31471  0.330338         
  117  117  117   28.1605   29.5757   31.6213   29.5757  0.315144  0.330982         
  143  143  143   43.5651   45.7149   48.8528   45.7149  0.315386  0.330949         
  170  170  170   63.6472    66.843   71.3108    66.843  0.315396  0.331232         
  197  197  197   87.7388   92.1552    97.889   92.1552  0.315854  0.331753         
  226  226  226   118.729   124.828   132.078   124.828  0.316075  0.332312         
  255  255  255   154.407   162.326   171.547   162.326  0.316227  0.332444         
  255    0    0   85.6743   39.4782 0.0539149   39.4782  0.684265  0.315305         
    0  255    0   39.3886   113.617   6.61043   113.617  0.246771  0.711814         
    0    0  255   28.1895   8.71497   164.535   8.71497   0.13994 0.0432635         
