Application	Display Factory Calibration Tool 2.26.10
Date	2030-02-02 08:11:52
DisplayManufacturerId	SDC
DisplayProductCode	420B
DisplaySerialNumber	
ComputerSerialNumber	INVALID
ComputerName	INVALID
Type	 Quality report
Initial Path Set	11
Iterative Grid Points	4

ProfileName	DCIP3
Whitepoint	D65
Gamma	2.6
Target Luminosity	161.834
Internal LUTs	false
Contrast Ratio	0
MHC2 Profile	true

RGB Normalized Target
0 0 0
45 0.010862 0.0109989
66 0.0296034 0.0297721
69 0.0331835 0.0334197
88 0.063279 0.0629
99 0.0866898 0.0854372
110 0.112264 0.112361
133 0.184138 0.184081
135 0.19293 0.191365
157 0.282786 0.283357
170 0.347603 0.348468
181 0.410123 0.410166
205 0.568304 0.566964
208 0.58824 0.58879
230 0.762516 0.764694
255 1 1

### Quality section (deltaE) ###
dE2000 mean = 0.247473
dE2000 max  = 0.703243 at RGB = (52 144 170)

R	G	B	dE2000
125	99	86	0.355841
209	139	80	0.104392
68	77	159	0.412673
247	245	240	0.339278
196	164	147	0.633391
92	108	172	0.334347
107	158	93	0.0493268
208	208	207	0.305004
115	136	165	0.128483
190	108	117	0.348184
169	73	78	0.433919
170	170	171	0.529764
111	123	87	0.139865
101	78	118	0.328956
231	204	89	0.224192
135	136	135	0.306653
144	142	181	0.118042
174	192	98	0.139766
183	105	158	0.340975
99	100	100	0.153211
134	194	177	0.233972
221	172	88	0.261899
52	144	170	0.703243
69	69	70	0.250685
0	0	0	0
45	45	45	0.0873968
66	66	66	0.119628
88	88	88	0.145747
110	110	110	0.173486
133	133	133	0.117607
157	157	157	0.165117
181	181	181	0.0765954
205	205	205	0.227899
230	230	230	0.124546
255	255	255	0
--------------------
255	0	0	1.09368
0	255	0	0.754202
0	0	255	3.86898

  R    G    B      X         Y         Z         Y         x         y              
  125   99   86   17.4367   15.6602   10.3142   15.6602  0.401665  0.360741         
  209  139   80   55.5349   44.4151    9.4701   44.4151  0.507538  0.405914         
   68   77  159   13.1646    9.3554   48.2945    9.3554  0.185902  0.132111         
  247  245  240   134.788   141.824   146.558   141.824   0.31852  0.335146         
  196  164  147   59.1529   55.3461   41.5118   55.3461  0.379159  0.354758         
   92  108  172   20.7488   18.3957   59.3494   18.3957  0.210661   0.18677         
  107  158   93   22.2573   35.9819   13.9381   35.9819   0.30837  0.498521         
  208  208  207   87.8608   92.5319   99.7422   92.5319  0.313638  0.330312         
  115  136  165   27.7058   29.6548   54.0921   29.6548  0.248588  0.266075         
  190  108  117   43.9007   29.8391   22.5041   29.8391   0.45614  0.310037         
  169   73   78   28.8928   16.8389   7.78034   16.8389  0.539931  0.314675         
  170  170  171   52.1759    54.679   60.5765    54.679  0.311626  0.326575         
  111  123   87   17.0311   21.3519   11.0908   21.3519  0.344246  0.431579         
  101   78  118   12.9264    9.8013    22.583    9.8013  0.285283  0.216313         
  231  204   89   84.0486   89.2494   14.3226   89.2494  0.447971  0.475691         
  135  136  135   28.6336   30.3484   32.7746   30.3484   0.31206  0.330749         
  144  142  181   39.0503   36.8699   68.5966   36.8699  0.270213  0.255125         
  174  192   98   50.7211   66.3326   16.9548   66.3326  0.378492  0.494988         
  183  105  158   45.0931   29.2779   47.8324   29.2779     0.369  0.239583         
   99  100  100   12.8528   13.6366   14.9611   13.6366  0.310077  0.328985         
  134  194  177   46.6601   64.9702   66.7698   64.9702  0.261547  0.364183         
  221  172   88    69.193   64.1645   12.7051   64.1645  0.473722  0.439294         
   52  144  170   20.9657   29.2591   58.5321   29.2591  0.192776  0.269032         
   69   69   70   4.99546   5.21986   5.87682   5.21986  0.310429  0.324373         
    0    0    0         0         0         0         0       nan       nan         
   45   45   45    1.6262   1.70862   1.86113   1.70862  0.312975  0.328837         
   66   66   66   4.42126    4.6567   5.08542    4.6567  0.312162  0.328785         
   88   88   88   9.44192   9.95397   10.8475   9.95397  0.312197  0.329128         
  110  110  110   16.7878   17.6594   19.2814   17.6594  0.312455  0.328679         
  133  133  133   27.4942   28.9654   31.4429   28.9654  0.312781  0.329517         
  157  157  157    42.255   44.4831   48.5572   44.4831  0.312317  0.328785         
  181  181  181   61.2852   64.5137   70.0981   64.5137  0.312844  0.329324         
  205  205  205   84.9778    89.396   97.4643    89.396  0.312605  0.328857         
  230  230  230   113.955   119.946    130.58   119.946   0.31265  0.329087         
  255  255  255   149.396   157.303   171.096   157.303  0.312678  0.329227         
  255    0    0   74.5812   34.4521  0.052969   34.4521   0.68369  0.315824         
    0  255    0     39.24   107.174   6.22252   107.174  0.257081  0.702152         
    0    0  255    28.821   9.61348   163.684   9.61348  0.142595 0.0475636         
