Application	Display Factory Calibration Tool 2.26.10
Date	2030-02-02 08:11:37
DisplayManufacturerId	SDC
DisplayProductCode	420B
DisplaySerialNumber	
ComputerSerialNumber	INVALID
ComputerName	INVALID
Type	 Quality report
Initial Path Set	11
Iterative Grid Points	4

ProfileName	DisplayP3
Whitepoint	D65
Gamma	sRGB
Target Luminosity	161.834
Internal LUTs	false
Contrast Ratio	0
MHC2 Profile	true

RGB Normalized Target
0 0 0
27 0.0108481 0.00715504
48 0.0293053 0.0253713
51 0.0327584 0.0289912
71 0.063106 0.0600316
83 0.0873347 0.0846415
94 0.111962 0.111299
119 0.183961 0.186989
121 0.192932 0.193972
145 0.281842 0.288816
160 0.348895 0.358654
171 0.407002 0.415148
198 0.564823 0.573159
201 0.585055 0.592438
226 0.759332 0.766744
255 1 1

### Quality section (deltaE) ###
dE2000 mean = 0.197171
dE2000 max  = 0.600031 at RGB = (189 153 134)

R	G	B	dE2000
110	82	69	0.397032
202	126	62	0.107525
50	59	147	0.239365
246	244	238	0.0844247
189	153	134	0.600031
75	92	161	0.219111
91	146	77	0.0727006
201	201	201	0.134035
99	122	154	0.143288
182	93	102	0.244997
159	56	61	0.194286
160	160	160	0.586305
95	108	70	0.101606
85	60	103	0.29084
227	197	72	0.16114
121	122	121	0.208657
131	129	172	0.103103
164	184	82	0.146591
173	89	146	0.277166
83	84	84	0.212113
120	186	168	0.116946
216	161	71	0.235059
34	131	159	0.229276
51	51	52	0.189069
0	0	0	0
27	27	27	0.0593738
48	48	48	0.136633
71	71	71	0.316889
94	94	94	0.133859
119	119	119	0.128139
145	145	145	0.199182
171	171	171	0.0988285
198	198	198	0.194426
226	226	226	0.141826
255	255	255	0
--------------------
255	0	0	0.376086
0	255	0	0.122583
0	0	255	0.967379

  R    G    B      X         Y         Z         Y         x         y              
  110   82   69   17.3802   15.5475   10.3978   15.5475  0.401153  0.358853         
  202  126   62   55.3005   44.5729   9.34497   44.5729   0.50633  0.408108         
   50   59  147   13.1833   9.36619   48.0559   9.36619  0.186717  0.132656         
  246  244  238   135.116   142.456   146.766   142.456  0.318416  0.335713         
  189  153  134   59.7269   55.7635   41.3722   55.7635  0.380759  0.355493         
   75   92  161    20.755   18.4423   58.9283   18.4423  0.211514  0.187946         
   91  146   77    22.345   35.9465   14.1844   35.9465  0.308309  0.495979         
  201  201  201   87.5127   92.1152   100.372   92.1152  0.312545  0.328983         
   99  122  154   27.6008   29.5892   54.1812   29.5892  0.247827  0.265681         
  182   93  102    44.385     30.29   22.6439     30.29  0.456078  0.311245         
  159   56   61   29.5249   17.2728   7.92993   17.2728  0.539488  0.315613         
  160  160  160   52.3216   54.9326   60.1009   54.9326  0.312638   0.32824         
   95  108   70   16.9571   21.2679   11.1587   21.2679  0.343375  0.430667         
   85   60  103    12.963   9.77534   22.6656   9.77534  0.285504  0.215297         
  227  197   72   83.8382   89.1046   14.5462   89.1046  0.447164  0.475252         
  121  122  121   28.6452   30.3766   32.8153   30.3766  0.311913  0.330766         
  131  129  172   39.2587   37.1061   68.9736   37.1061  0.270119  0.255308         
  164  184   82   50.8483   66.4592   17.1243   66.4592  0.378246  0.494371         
  173   89  146   44.9452   29.2795   47.8925   29.2795   0.36805  0.239765         
   83   84   84   12.9854   13.7506   15.0513   13.7506  0.310749  0.329062         
  120  186  168   46.9754   65.0859   67.6534   65.0859  0.261389  0.362162         
  216  161   71   69.0251   63.8985   12.7696   63.8985   0.47377  0.438583         
   34  131  159   21.3494   29.5222   58.3168   29.5222  0.195528  0.270379         
   51   51   52   4.92885   5.15772   5.81969   5.15772  0.309869  0.324257         
    0    0    0         0         0         0         0       nan       nan         
   27   27   27   1.62424   1.70801   1.86161   1.70801  0.312723  0.328851         
   48   48   48   4.38109   4.61404   5.04077   4.61404  0.312135  0.328731         
   71   71   71   9.40968   9.93586   10.8512   9.93586  0.311612  0.329037         
   94   94   94   16.7269   17.6281   19.1846   17.6281  0.312421  0.329253         
  119  119  119   27.5187   28.9641   31.5801   28.9641  0.312489  0.328902         
  145  145  145   42.1734   44.3752   48.4215   44.3752  0.312465  0.328778         
  171  171  171    60.894   64.0812   69.6163   64.0812  0.312932  0.329312         
  198  198  198   84.5242   88.9297   96.9644   88.9297  0.312568   0.32886         
  226  226  226   113.601   119.555   130.232   119.555  0.312618     0.329         
  255  255  255   149.557   157.447   171.211   157.447   0.31274  0.329239         
  255    0    0   75.6848   35.5102 0.0964278   35.5102   0.68006  0.319074         
    0  255    0    41.613   108.368   6.98451   108.368  0.265108  0.690395         
    0    0  255   30.5042   11.7131   163.677   11.7131  0.148154 0.0568887         
